%YAML:1.0


cam0:
  T_cam_imu:
    - [0.0028449641721328967, -0.9999899774427012, 0.00345704975413591, 0.021568481814219578]
    - [0.0038770640170548987, -0.0034460076746932744, -0.9999865466123588, -0.0018355618369381606]
    - [0.9999884372098831, 0.002858329100934087, 0.0038672213905873165, -0.02258110656531694]
    - [0.0, 0.0, 0.0, 1.0]
  cam_overlaps: []
  camera_model: pinhole
  distortion_coeffs: [-0.033115060552668434, -0.004213141721342087, -0.0002876554959238276, 0.0011053099512744646]
  distortion_model: radtan
  intrinsics: [263.19305599884416, 263.54641278173773, 342.33690250532277, 197.0316852825522]
  resolution: [672, 376]
  rostopic: /zed2/zed_node/left_raw/image_raw_gray
  timeshift_cam_imu: 0.009426148111179701
