%YAML:1.0


cam0:
  T_cam_imu:
    - [0.0028449641721328967, -0.9999899774427012, 0.00345704975413591, 0.021568481814219578]
    - [0.0038770640170548987, -0.0034460076746932744, -0.9999865466123588, -0.0018355618369381606]
    - [0.9999884372098831, 0.002858329100934087, 0.0038672213905873165, -0.02258110656531694]
    - [0.0, 0.0, 0.0, 1.0]
  cam_overlaps: [1]
  camera_model: pinhole
  distortion_coeffs: [-0.033115060552668434, -0.004213141721342087, -0.0002876554959238276, 0.0011053099512744646]
  distortion_model: radtan
  intrinsics: [263.19305599884416, 263.54641278173773, 342.33690250532277, 197.0316852825522]
  resolution: [672, 376]
  rostopic: /zed2/zed_node/left_raw/image_raw_gray
  timeshift_cam_imu: 0.009426148111179701
cam1:
  T_cam_imu:
    - [0.0006864187775306729, -0.9999947875747053, 0.0031549409950498153, -0.09827116101130805]
    - [0.004069846079608863, -0.003152122003991231, -0.9999867501521011, -0.0016766126349674372]
    - [0.999991482554802, 0.0006992498068263964, 0.0040676611901075965, -0.023014631258428512]
    - [0.0, 0.0, 0.0, 1.0]
  T_cn_cnm1:
    - [0.9999976246944697, 0.0002937524517732546, -0.0021597025061907515, -0.1198878208654452]
    - [-0.00029333497080223555, 0.9999999382331236, 0.00019361906828711039, 0.00016964801139109393]
    - [0.0021597592488686933, -0.0001929850921110718, 0.9999976490956071, -0.0004805147432866861]
    - [0.0, 0.0, 0.0, 1.0]
  cam_overlaps: [0]
  camera_model: pinhole
  distortion_coeffs: [-0.036450724967971096, -0.0023534917098123583, -0.0008055812760570502, -0.00010468050597689177]
  distortion_model: radtan
  intrinsics: [262.7088049257928, 262.72919536137715, 340.923012133296, 199.9935175727528]
  resolution: [672, 376]
  rostopic: /zed2/zed_node/right_raw/image_raw_gray
  timeshift_cam_imu: 0.009647496702866699